3104
2767
3125
1525
1381
6757
860
8883
6436
5857
3871
4722
5059
5851
779
8502
4492
9824
6651
5973
25
4742
3700
4444
4860
2311
8490
8828
403
8113
7944
7136
7434
8306
8999
7242
2457
7642
2730
5027
4055
1841
9259
3748
5665
8134
5698
4956
2406
6241
664
4851
608
789
5463
5827
5741
2901
5151
6846
7680
8918
5894
3873
6100
5936
9145
7731
4960
3871
1985
7412
8300
4992
2580
2121
9479
9912
2649
1688
4325
5521
5534
189
8846
6106
428
6448
210
1617
6784
2668
6035
1272
13
2388
3258
8941
2556
488
4321
406
4570
2492
3602
6980
4569
1586
2677
5098
4735
8520
1742
7811
4423
5023
7331
4209
4850
8745
8033
7413
9229
6918
4330
6294
8870
9526
8013
9963
8560
1708
121
3460
6992
1253
7278
353
5973
3579
7536
2344
8228
4996
2957
152
5685
297
5496
4177
9283
3614
8707
800
526
144
4158
2310
9797
8953
2541
8008
341
3783
3698
2642
9828
789
5882
9888
3837
4149
9562
2154
4025
3494
6117
2417
5670
5213
2063
6411
8676
6310
7210
8079
5969
6228
5235
4670
3959
2705
5507
8917
3300
9621
5362
425
1518
8732
6369
6203
2354
1155
5208
8011
751
433
6546
1015
5611
4538
9757
9937
7748
576
9166
4096
2986
2966
8658
9603
4725
3630
9768
6094
2994
5601
7445
2721
6735
5697
1638
2179
8195
6754
1173
8446
3359
5585
8056
9895
3177
2325
9362
9036
3010
6007
8804
9770
3316
7932
1522
7898
5447
5489
9154
1715
8361
6337
936
5662
636
1858
6261
4327
1611
6976
2647
9961
7565
9604
9150
5986
4851
6231
3417
2043
7606
9475
4780
3686
2459
8322
3508
7750
6167
2773
7024
8160
4620
5471
6697
7466
1624
7099
8111
9358
1786
9170
1051
3949
3083
2476
4222
1357
1385
8527
6653
3191
9025
2014
2005
653
3626
2152
6616
7203
3051
9720
1042
5221
416
5905
2616
2720
3133
4363
6928
3713
9657
325
1463
558
4696
3955
5409
2973
3852
9319
2829
8264
5758
3233
6008
8299
3971
2840
1798
3764
8408
4625
328
2850
8952
6323
7662
2344
1011
386
1744
5869
6475
7070
3526
4675
8778
1268
961
604
512
8227
9828
4825
4505
1916
6572
8772
2169
2855
8655
4530
401
754
284
3071
1068
3291
3167
863
3886
6221
9205
5604
4696
7956
6933
9416
4387
9810
9159
2796
9359
3213
2345
9239
6862
8128
6884
5353
6876
6415
5789
1010
6122
4532
7684
2859
8557
1380
4014
7430
4069
8333
4020
869
8554
6117
9699
7607
8326
600
9277
9122
783
5678
7707
1812
3997
7098
9938
1718
5229
3215
9006
9402
5708
4285
3987
6915
7458
5847
7761
3068
7245
4328
1239
4184
416
9314
4945
9516
3603
9909
788
8151
8153
9462
8591
3515
519
3623
1670
4783
9943
1921
501
4791
8892
9837
7218
3449
8585
8477
9512
4776
9616
6440
7317
8382
615
736
1139
4140
1607
5028
2999
2250
5356
7253
3763
8547
1517
572
5510
2125
9426
2451
1119
7204
4684
2470
7674
188
6624
492
2870
4324
250
5928
8780
9730
7882
5365
2021
8948
1081
7968
8345
5128
8612
7871
5969
1484
8165
508
7908
8222
6859
6982
6143
6021
5379
3137
6795
1559
1971
9622
6829
932
8806
2257
2583
927
1028
3227
6410
5524
3214
2509
9073
5980
3565
665
1148
3394
2482
2303
8243
6616
661
529
6294
5192
557
8387
543
6273
9318
3344
4710
8986
2690
3007
1337
4786
9374
264
3666
8010
9523
740
3424
2596
3603
3250
5524
5044
2422
8255
5953
2476
4447
9526
4325
1242
1909
6844
7699
3507
8468
6075
1533
9372
4059
1242
2379
1856
6103
8522
8021
7403
9185
2049
1140
9976
8286
7868
6850
2939
2557
8534
3857
6450
1371
2780
1417
1677
8726
7625
1592
9122
4648
4427
1874
1132
4842
2235
6616
4178
4247
1422
939
2184
4276
7434
476
3343
3158
7383
2980
3424
1440
4101
7150
756
2414
5215
9590
1111
2228
4093
8685
4953
5940
8334
6676
659
6533
3722
3804
1126
6850
9516
5976
4732
4572
7937
5248
7699
6216
3160
1194
4416
6615
6498
4385
7555
8468
2992
731
9264
8327
6482
907
7345
9367
1659
5895
9624
3833
3194
1371
2684
6416
5788
5204
9320
9618
6064
6433
815
1050
3738
4108
5352
2644
2407
2121
4648
9109
4012
9492
2961
8846
4788
7350
7031
6142
4664
7848
7250
8143
2452
4298
9044
5346
5530
4892
1250
7489
6763
211
337
4248
9342
7934
5256
3043
478
7832
6357
4445
2751
7703
3396
1495
1996
2966
7987
2931
491
2800
3777
3586
8611
9040
5283
7444
3950
4394
8917
3515
1519
2994
1238
4180
3919
3100
1426
4500
2955
8339
5767
3079
9286
5047
9878
3179
7353
9410
1434
725
5870
1976
3396
3395
8044
8092
9877
8738
1426
4300
2809
3915
3078
7039
9947
2531
8712
2730
2949
8566
7743
5708
7642
2700
7753
3767
5936
4704
9861
33
9595
5351
3062
9424
8410
4812
1140
2839
9342
951
6992
1792
1175
4477
2675
354
8141
3361
3433
4675
668
2581
9173
8544
1466
8339
5901
6783
8254
56
6099
631
3283
8498
6382
4327
7786
6424
9349
2460
2656
9664
2651
6491
6081
994
6135
7812
3882
9730
546
4663
7622
5171
8862
5369
2342
7622
2461
4977
6670
6949
5440
4789
7966
2172
8402
370
7186
5800
8156
5152
4554
1424
7998
9261
1881
4729
85
9840
125
4724
8143
7899
9810
9920
1216
6896
285
7770
2488
2853
5836
3341
658
4135
7816
9579
6810
6344
7890
4471
4920
1658
9376
990
2802
9273
4747
5409
6428
5977
5841
292
1489
4090
4814
7618
4108
1308
4529
949
5673
6283
2727
3962
3770
8164
8225
7799
3012
9371
2805
9126
4163
1925
4255
9037
256
7358
7940
6821
236
6204
878
5137
5000
4635
634
844
6099
870
4790
2278
6306
4194
1822
3608
3875
3811
9106
9073
6601
7946
6346
1508
4246